latitude: 55.701876
longitude: 12.560185
height: 0 
pressure: 0
temperature: 0
humidity: 0
wavelength: 21.106
min_el: 0
max_el: 90
